760,84,975,84,975,109,760,109
1153,164,1315,160,1316,203,1155,208
412,164,548,164,548,204,412,204
559,164,639,164,639,204,559,204
646,164,698,164,698,204,646,204
709,164,829,164,829,204,709,204
836,164,902,164,902,204,836,204
910,164,1147,164,1147,204,910,204
804,263,939,263,939,296,804,296
946,263,1012,263,1012,296,946,296
1026,263,1059,263,1059,292,1026,292
1059,263,1118,263,1118,296,1059,296
1125,266,1151,266,1151,292,1125,292
1215,269,1329,265,1331,295,1217,300
1344,263,1498,263,1498,296,1344,296
1162,270,1209,270,1209,296,1162,296
245,268,317,276,313,314,241,306
804,299,983,299,983,332,804,332
990,306,1052,306,1052,332,990,332
1059,303,1111,303,1111,336,1059,336
1118,300,1255,309,1253,341,1116,332
1260,306,1374,306,1374,332,1260,332
1385,306,1432,306,1432,332,1385,332
1440,311,1498,304,1501,331,1443,338
1070,343,1103,343,1103,369,1070,369
1352,339,1403,339,1403,372,1352,372
1425,339,1498,339,1498,372,1425,372
807,347,851,347,851,372,807,372
873,347,961,347,961,372,873,372
983,347,1052,347,1052,372,983,372
1121,347,1165,347,1165,372,1121,372
1187,347,1326,347,1326,372,1187,372
804,376,924,376,924,409,804,409
942,376,1012,376,1012,409,942,409
1034,376,1154,376,1154,409,1034,409
1176,376,1268,376,1268,409,1176,409
1286,376,1385,376,1385,409,1286,409
1407,380,1498,380,1498,409,1407,409
804,416,924,416,924,449,804,449
931,420,997,420,997,449,931,449
1005,420,1037,420,1037,445,1005,445
1078,420,1147,420,1147,449,1078,449
1154,420,1184,420,1184,449,1154,449
1242,420,1385,420,1385,449,1242,449
1443,416,1498,416,1498,445,1443,445
1045,423,1070,423,1070,445,1045,445
1191,423,1235,423,1235,445,1191,445
1396,423,1439,423,1439,449,1396,449
804,453,877,453,877,486,804,486
884,453,1001,453,1001,486,884,486
1008,453,1089,453,1089,486,1008,486
749,518,767,518,767,548,749,548
840,515,917,515,917,548,840,548
972,518,1059,518,1059,548,972,548
1096,515,1143,515,1143,548,1096,548
1147,518,1238,518,1238,551,1147,551
1244,521,1355,515,1356,547,1246,552
920,522,964,522,964,548,920,548
1063,522,1092,522,1092,544,1063,544
807,526,836,526,836,548,807,548
804,577,836,577,836,610,804,610
844,575,922,581,919,615,841,609
928,581,972,581,972,606,928,606
979,581,1019,581,1019,606,979,606
1154,581,1220,581,1220,606,1154,606
1224,577,1264,577,1264,613,1224,613
1273,574,1376,584,1373,615,1270,606
1381,581,1425,581,1425,606,1381,606
1432,581,1498,581,1498,606,1432,606
1026,584,1143,584,1143,613,1026,613
920,613,983,613,983,646,920,646
807,621,836,621,836,646,807,646
1012,621,1121,621,1121,650,1012,650
1140,621,1184,621,1184,646,1140,646
1201,622,1297,618,1298,646,1202,651
1304,621,1322,621,1322,646,1304,646
1341,621,1428,621,1428,646,1341,646
1447,621,1498,621,1498,646,1447,646
855,624,906,624,906,646,855,646
1304,650,1388,650,1388,683,1304,683
1469,654,1502,654,1502,683,1469,683
804,647,919,657,916,692,801,683
920,657,946,657,946,683,920,683
950,657,983,657,983,683,950,683
990,657,1067,657,1067,683,990,683
1078,655,1167,659,1165,687,1077,683
1421,657,1461,657,1461,683,1421,683
1173,661,1264,661,1264,683,1173,683
1271,661,1301,661,1301,683,1271,683
1399,661,1418,661,1418,683,1399,683
249,688,320,696,316,734,244,726
325,694,350,694,350,723,325,723
807,694,891,694,891,723,807,723
1067,694,1238,694,1238,723,1067,723
1341,694,1407,694,1407,723,1341,723
1414,694,1447,694,1447,723,1414,723
899,698,983,698,983,727,899,727
990,698,1056,698,1056,723,990,723
1246,698,1275,698,1275,719,1246,719
1286,698,1330,698,1330,723,1286,723
1454,698,1498,698,1498,723,1454,723
807,734,891,734,891,760,807,760
899,730,972,730,972,767,899,767
972,730,1005,730,1005,763,972,763
749,793,767,793,767,822,749,822
804,789,833,789,833,822,804,822
840,793,884,793,884,822,840,822
891,793,946,793,946,825,891,825
986,789,1056,789,1056,825,986,825
1151,793,1224,793,1224,822,1151,822
950,793,979,793,979,822,950,822
1063,796,1103,796,1103,825,1063,825
1114,796,1143,796,1143,822,1114,822
1235,796,1279,796,1279,822,1235,822
1286,796,1374,796,1374,822,1286,822
1458,793,1498,793,1498,825,1458,825
1385,800,1450,800,1450,825,1385,825
972,833,1016,833,1016,858,972,858
1089,829,1187,829,1187,858,1089,858
1191,829,1238,829,1238,858,1191,858
1242,833,1293,833,1293,858,1242,858
1301,833,1385,833,1385,858,1301,858
1388,833,1461,833,1461,858,1388,858
1469,833,1498,833,1498,858,1469,858
807,836,920,836,920,862,807,862
928,840,964,840,964,858,928,858
1023,840,1085,840,1085,866,1023,866
1030,869,1111,869,1111,899,1030,899
807,873,851,873,851,899,807,899
862,873,942,873,942,899,862,899
953,873,1008,873,1008,902,953,902
1121,873,1165,873,1165,899,1121,899
1271,873,1312,873,1312,899,1271,899
1180,877,1260,877,1260,902,1180,902
1322,877,1443,877,1443,902,1322,902
1454,877,1498,877,1498,899,1454,899
807,910,866,910,866,935,807,935
877,910,979,910,979,935,877,935
986,906,1034,906,1034,935,986,935
1041,910,1085,910,1085,935,1041,935
1096,910,1162,910,1162,935,1096,935
1173,910,1301,910,1301,935,1173,935
1312,910,1363,910,1363,935,1312,935
1374,910,1443,910,1443,935,1374,935
1450,906,1498,906,1498,935,1450,935
866,946,986,946,986,975,866,975
994,946,1059,946,1059,975,994,975
1118,946,1206,946,1206,979,1118,979
1213,946,1246,946,1246,975,1213,975
1297,946,1352,946,1352,979,1297,979
1392,942,1461,942,1461,975,1392,975
1469,946,1502,946,1502,975,1469,975
804,950,858,950,858,979,804,979
1067,950,1111,950,1111,975,1067,975
1249,950,1293,950,1293,975,1249,975
1355,946,1385,946,1385,975,1355,975
1344,983,1498,983,1498,1012,1344,1012
807,986,851,986,851,1012,807,1012
986,986,1048,986,1048,1012,986,1012
1085,986,1169,986,1169,1012,1085,1012
888,990,942,990,942,1012,888,1012
1206,990,1312,990,1312,1016,1206,1016
807,1023,972,1023,972,1052,807,1052
1319,1019,1392,1019,1392,1056,1319,1056
1396,1023,1418,1023,1418,1052,1396,1052
1425,1023,1454,1023,1454,1052,1425,1052
1454,1019,1487,1019,1487,1052,1454,1052
979,1026,1008,1026,1008,1052,979,1052
1012,1026,1056,1026,1056,1052,1012,1052
1147,1026,1184,1026,1184,1052,1147,1052
1063,1030,1140,1030,1140,1056,1063,1056
1191,1030,1308,1030,1308,1059,1191,1059
851,1085,920,1085,920,1111,851,1111
931,1081,997,1081,997,1111,931,1111
1008,1085,1052,1085,1052,1111,1008,1111
1063,1081,1125,1081,1125,1114,1063,1114
1187,1085,1238,1085,1238,1111,1187,1111
1249,1085,1359,1085,1359,1114,1249,1114
1374,1085,1436,1085,1436,1111,1374,1111
807,1089,836,1089,836,1111,807,1111
1447,1089,1498,1089,1498,1111,1447,1111
1136,1092,1173,1092,1173,1114,1136,1114
1085,1121,1184,1121,1184,1151,1085,1151
1195,1121,1227,1121,1227,1151,1195,1151
807,1125,873,1125,873,1151,807,1151
884,1125,935,1125,935,1151,884,1151
942,1125,1019,1125,1019,1154,942,1154
1030,1125,1074,1125,1074,1151,1030,1151
1231,1125,1275,1125,1275,1151,1231,1151
1286,1125,1374,1125,1374,1151,1286,1151
1385,1125,1447,1125,1447,1151,1385,1151
1454,1125,1498,1125,1498,1151,1454,1151
807,1162,880,1162,880,1187,807,1187
888,1158,953,1158,953,1195,888,1195
968,1162,994,1162,994,1191,968,1191
804,1217,836,1217,836,1249,804,1249
844,1217,917,1217,917,1249,844,1249
1191,1220,1242,1220,1242,1249,1191,1249
1019,1220,1089,1220,1089,1253,1019,1253
1096,1224,1184,1224,1184,1249,1096,1249
1246,1220,1326,1220,1326,1253,1246,1253
1410,1224,1498,1224,1498,1249,1410,1249
924,1227,942,1227,942,1249,924,1249
953,1227,1012,1227,1012,1253,953,1253
1337,1227,1403,1227,1403,1253,1337,1253
252,1240,324,1248,320,1286,248,1278
325,1246,350,1246,350,1275,325,1275
844,1260,895,1260,895,1286,844,1286
935,1257,983,1257,983,1286,935,1286
990,1260,1078,1260,1078,1286,990,1286
1085,1260,1136,1260,1136,1286,1085,1286
1143,1260,1213,1260,1213,1286,1143,1286
1220,1260,1275,1260,1275,1286,1220,1286
1279,1257,1322,1257,1322,1286,1279,1286
1330,1260,1425,1260,1425,1286,1330,1286
1436,1260,1498,1260,1498,1286,1436,1286
807,1264,836,1264,836,1286,807,1286
902,1264,931,1264,931,1286,902,1286
939,1297,972,1297,972,1326,939,1326
1265,1290,1408,1298,1406,1335,1263,1326
1411,1291,1501,1300,1497,1335,1407,1325
804,1297,851,1297,851,1326,804,1326
858,1301,931,1301,931,1326,858,1326
979,1301,1023,1301,1023,1326,979,1326
1030,1301,1118,1301,1118,1326,1030,1326
1129,1304,1217,1304,1217,1326,1129,1326
1224,1304,1260,1304,1260,1330,1224,1330
1140,1330,1260,1330,1260,1366,1140,1366
1271,1330,1341,1330,1341,1363,1271,1363
1447,1330,1498,1330,1498,1363,1447,1363
807,1337,840,1337,840,1363,807,1363
851,1337,895,1337,895,1363,851,1363
906,1336,984,1341,982,1372,904,1367
997,1333,1125,1333,1125,1366,997,1366
1352,1333,1436,1333,1436,1363,1352,1363
804,1370,891,1370,891,1403,804,1403
899,1370,968,1370,968,1407,899,1407
972,1370,1005,1370,1005,1403,972,1403
749,1436,767,1436,767,1465,749,1465
807,1432,888,1432,888,1461,807,1461
906,1436,950,1436,950,1461,906,1461
966,1433,1039,1440,1037,1468,963,1462
1052,1436,1100,1436,1100,1461,1052,1461
1118,1436,1213,1436,1213,1465,1118,1465
1290,1436,1418,1436,1418,1461,1290,1461
1436,1439,1498,1439,1498,1465,1436,1465
1227,1443,1271,1443,1271,1469,1227,1469
902,1472,953,1472,953,1502,902,1502
961,1472,1037,1472,1037,1502,961,1502
1213,1472,1282,1472,1282,1502,1213,1502
1286,1469,1355,1469,1355,1502,1286,1502
1370,1469,1498,1469,1498,1502,1370,1502
807,1476,895,1476,895,1502,807,1502
1045,1476,1089,1476,1089,1502,1045,1502
1096,1476,1169,1476,1169,1502,1096,1502
1176,1480,1206,1480,1206,1502,1176,1502
807,1513,858,1513,858,1538,807,1538
1070,1513,1140,1513,1140,1538,1070,1538
1191,1513,1253,1513,1253,1538,1191,1538
1260,1513,1370,1513,1370,1538,1260,1538
1381,1513,1443,1513,1443,1538,1381,1538
1454,1513,1498,1513,1498,1538,1454,1538
868,1519,971,1514,973,1541,869,1546
1151,1516,1180,1516,1180,1538,1151,1538
983,1520,1059,1520,1059,1545,983,1545
1341,1545,1381,1545,1381,1578,1341,1578
807,1553,895,1553,895,1578,807,1578
902,1549,994,1549,994,1586,902,1586
1001,1553,1030,1553,1030,1578,1001,1578
1041,1553,1140,1553,1140,1578,1041,1578
1145,1553,1223,1546,1226,1582,1148,1588
1271,1553,1337,1553,1337,1578,1271,1578
1385,1549,1414,1549,1414,1578,1385,1578
1421,1553,1498,1553,1498,1578,1421,1578
1235,1556,1264,1556,1264,1578,1235,1578
249,1558,324,1565,320,1604,245,1596
877,1586,913,1586,913,1622,877,1622
953,1589,1063,1589,1063,1615,953,1615
1074,1589,1202,1589,1202,1615,1074,1615
1220,1589,1282,1589,1282,1615,1220,1615
1290,1589,1392,1589,1392,1615,1290,1615
1465,1589,1498,1589,1498,1615,1465,1615
807,1593,869,1593,869,1615,807,1615
1407,1593,1454,1593,1454,1615,1407,1615
807,1626,939,1626,939,1655,807,1655
1410,1626,1443,1626,1443,1655,1410,1655
953,1626,983,1626,983,1655,953,1655
1045,1629,1191,1629,1191,1655,1045,1655
1207,1622,1299,1632,1296,1664,1204,1654
1308,1629,1399,1629,1399,1655,1308,1655
1454,1629,1498,1629,1498,1655,1454,1655
997,1633,1030,1633,1030,1655,997,1655
805,1669,902,1662,904,1693,807,1700
913,1666,983,1666,983,1692,913,1692
994,1666,1037,1666,1037,1692,994,1692
1045,1662,1121,1662,1121,1699,1045,1699
1132,1666,1165,1666,1165,1692,1132,1692
1176,1666,1290,1666,1290,1695,1176,1695
1344,1666,1388,1666,1388,1692,1344,1692
1301,1670,1330,1670,1330,1692,1301,1692
1399,1670,1502,1670,1502,1695,1399,1695
807,1703,917,1703,917,1732,807,1732
920,1706,1005,1706,1005,1732,920,1732
804,1761,902,1761,902,1790,804,1790
913,1761,1081,1761,1081,1794,913,1794
1092,1761,1180,1761,1180,1794,1092,1794
1195,1761,1268,1761,1268,1794,1195,1794
1282,1761,1374,1761,1374,1794,1282,1794
1385,1761,1454,1761,1454,1790,1385,1790
1472,1768,1494,1768,1494,1790,1472,1790
804,1798,946,1798,946,1830,804,1830
1439,1856,1498,1856,1498,1889,1439,1889
807,1860,891,1860,891,1889,807,1889
910,1860,1052,1860,1052,1889,910,1889
1067,1860,1180,1860,1180,1889,1067,1889
1198,1860,1271,1860,1271,1889,1198,1889
1286,1860,1425,1860,1425,1893,1286,1893
804,1896,983,1896,983,1929,804,1929
866,1955,935,1955,935,1991,866,1991
804,1958,858,1958,858,1991,804,1991
942,1958,1026,1958,1026,1991,942,1991
1030,1958,1165,1958,1165,1991,1030,1991
1173,1958,1271,1958,1271,1991,1173,1991
1279,1958,1348,1958,1348,1991,1279,1991
1355,1958,1498,1958,1498,1991,1355,1991
804,1995,836,1995,836,2028,804,2028
840,1995,1037,1995,1037,2028,840,2028
844,2196,891,2196,891,2225,844,2225
760,2233,975,2233,975,2258,760,2258
